 *****  INPUT FOR TRIAL POTENTIAL ***** 
  for plasma with atomic # 3                                                     
 1012 9.600000E+01 1.200000E+02-7.518941E-02 3.000000E+00 0.000000E+00 5.000000E-01 1.000000E+00 3.000000E+00
 state  3 0 0.5      
 1012 9.600000E+01 1.200000E+02-5.740642E-02 3.000000E+00 1.000000E+00 5.000000E-01 1.000000E+00 3.000000E+00
 state  3 1 0.5      
 1012 9.600000E+01 1.200000E+02-5.740469E-02 3.000000E+00 1.000000E+00 1.500000E+00 1.000000E+00 3.000000E+00
 state  3 1 1.5      
 1048 9.600000E+01 1.200000E+02-5.556385E-02 3.000000E+00 2.000000E+00 1.500000E+00 1.000000E+00 3.000000E+00
 state  3 2 1.5      
 1048 9.600000E+01 1.200000E+02-5.556368E-02 3.000000E+00 2.000000E+00 2.500000E+00 1.000000E+00 3.000000E+00
 state  3 2 2.5      
 1172 9.600000E+01 1.200000E+02-3.125007E-02 4.000000E+00 3.000000E+00 2.500000E+00 1.000000E+00 3.000000E+00
 state  4 3 2.5      
 1172 9.600000E+01 1.200000E+02-3.125003E-02 4.000000E+00 3.000000E+00 3.500000E+00 1.000000E+00 3.000000E+00
 state  4 3 3.5      
