          90
1s2.2s_2S_1/2    0.0000000000E+00 0.5000  1
1s2.2p_2P*_1/2    0.5876214000E+00 0.5000 -1
1s2.2p_2P*_3/2    0.5886029000E+00 1.5000 -1
1s2.3s_2S_1/2    0.2759763100E+01 0.5000  1
1s2.3p_2P*_1/2    0.2916511100E+01 0.5000 -1
1s2.3p_2P*_3/2    0.2916799100E+01 1.5000 -1
1s2.3d_2D_3/2    0.2960522600E+01 1.5000  1
1s2.3d_2D_5/2    0.2960618300E+01 2.5000  1
1s2.4s_2S_1/2    0.3657353000E+01 0.5000  1
1s2.4p_2P*_1/2    0.3720804500E+01 0.5000 -1
1s2.4p_2P*_3/2    0.3720923900E+01 1.5000 -1
1s2.4d_2D_3/2    0.3739257700E+01 1.5000  1
1s2.4d_2D_5/2    0.3739294100E+01 2.5000  1
1s2.4f_2F*_7/2    0.3740151600E+01 3.5000 -1
1s2.4f_2F*_5/2    0.3740151600E+01 2.5000 -1
1s2.5s_2S_1/2    0.4058496400E+01 0.5000  1
1s2.5p_2P*_1/2    0.4090275000E+01 0.5000 -1
1s2.5p_2P*_3/2    0.4090339700E+01 1.5000 -1
1s2.5d_2D_3/2    0.4099682900E+01 1.5000  1
1s2.5d_2D_5/2    0.4099698400E+01 2.5000  1
1s2.5f_2F*_7/2    0.4100153100E+01 3.5000 -1
1s2.5f_2F*_5/2    0.4100153100E+01 2.5000 -1
1s2.5g_2G_7/2    0.4100231500E+01 3.5000  1
1s2.5g_2G_9/2    0.4100231500E+01 4.5000  1
1s2.6s_2S_1/2    0.4271874100E+01 0.5000  1
1s2.6p_2P*_1/2    0.4290017500E+01 0.5000 -1
1s2.6p_2P*_3/2    0.4290053000E+01 1.5000 -1
1s2.6d_2D_3/2    0.4295442200E+01 1.5000  1
1s2.6d_2D_5/2    0.4295453200E+01 2.5000  1
1s2.6f_2F*_7/2    0.4295742000E+01 3.5000 -1
1s2.6f_2F*_5/2    0.4295742000E+01 2.5000 -1
1s2.6g_2G_7/2    0.4295769010E+01 3.5000  1
1s2.6g_2G_9/2    0.4295769010E+01 4.5000  1
1s2.6h_2H*_9/2    0.4295774840E+01 4.5000 -1
1s2.6h_2H*_11/2    0.4295774840E+01 5.5000 -1
1s2.7s_2S_1/2    0.4398740700E+01 0.5000  1
1s2.7p_2P*_1/2    0.4410062300E+01 0.5000 -1
1s2.7p_2P*_3/2    0.4410084200E+01 1.5000 -1
1s2.7d_2D_3/2    0.4413454000E+01 1.5000  1
1s2.7d_2D_5/2    0.4413454000E+01 2.5000  1
1s2.7f_2F*_5/2    0.4413662700E+01 2.5000 -1
1s2.7f_2F*_7/2    0.4413662700E+01 3.5000 -1
1s2.7g_2G_7/2    0.4413680220E+01 3.5000  1
1s2.7g_2G_9/2    0.4413680220E+01 4.5000  1
1s2.7h_2H*_9/2    0.4413684050E+01 4.5000 -1
1s2.7h_2H*_11/2    0.4413684050E+01 5.5000 -1
1s2.7i_2I_11/2    0.4413685140E+01 5.5000  1
1s2.8s_2S_1/2    0.4480251700E+01 0.5000  1
1s2.8p_2P*_1/2    0.4487787000E+01 0.5000 -1
1s2.8p_2P*_3/2    0.4487801600E+01 1.5000 -1
1s2.8d_2D_5/2    0.4490072500E+01 2.5000  1
1s2.8d_2D_3/2    0.4490072500E+01 1.5000  1
1s2.8f_2F*_7/2    0.4490197300E+01 3.5000 -1
1s2.8f_2F*_5/2    0.4490197300E+01 2.5000 -1
1s2.8g_2G_7/2    0.4490209070E+01 3.5000  1
1s2.8g_2G_9/2    0.4490209070E+01 4.5000  1
1s2.8h_2H*_9/2    0.4490211710E+01 4.5000 -1
1s2.8h_2H*_11/2    0.4490211710E+01 5.5000 -1
1s2.8i_2I_11/2    0.4490212440E+01 5.5000  1
1s2.8i_2I_13/2    0.4490212440E+01 6.5000  1
1s2.9s_2S_1/2    0.4535710500E+01 0.5000  1
1s2.9p_2P*_1/2    0.4540976800E+01 0.5000 -1
1s2.9p_2P*_3/2    0.4540986800E+01 1.5000 -1
1s2.9d_2D_3/2    0.4542580600E+01 1.5000  1
1s2.9d_2D_5/2    0.4542580600E+01 2.5000  1
1s2.9f_2F*_5/2    0.4542669000E+01 2.5000 -1
1s2.9f_2F*_7/2    0.4542669000E+01 3.5000 -1
1s2.9g_2G_7/2    0.4542676910E+01 3.5000  1
1s2.9g_2G_9/2    0.4542676910E+01 4.5000  1
1s2.9h_2H*_9/2    0.4542678730E+01 4.5000 -1
1s2.9i_2I_11/2    0.4542679370E+01 5.5000  1
1s2.9i_2I_13/2    0.4542679370E+01 6.5000  1
1s2.10p_2P*_1/2    0.4578315000E+01 0.5000 -1
1s2.10p_2P*_3/2    0.4578315000E+01 1.5000 -1
1s2.10d_2D_3/2    0.4580010000E+01 1.5000  1
1s2.10d_2D_5/2    0.4580010000E+01 2.5000  1
1s2.11p_2P*_3/2    0.4606546000E+01 1.5000 -1
1s2.11p_2P*_1/2    0.4606546000E+01 0.5000 -1
1s2.11d_2D_5/2    0.4608241000E+01 2.5000  1
1s2.11d_2D_3/2    0.4608241000E+01 1.5000  1
1s2.12p_2P*_3/2    0.4626658000E+01 1.5000 -1
1s2.12p_2P*_1/2    0.4626658000E+01 0.5000 -1
1s2.12d_2D_5/2    0.4629401000E+01 2.5000  1
1s2.12d_2D_3/2    0.4629401000E+01 1.5000  1
1s2.13p_2P*_1/2    0.4642924000E+01 0.5000 -1
1s2.13p_2P*_3/2    0.4642924000E+01 1.5000 -1
1s2.13d_2D_5/2    0.4645831000E+01 2.5000  1
1s2.13d_2D_3/2    0.4645831000E+01 1.5000  1
1s2.14d_2D_3/2    0.4658889000E+01 1.5000  1
		__5/2    0.4658889000E+01 2.5000  1
